1.24015e+010 111362 1 124727 0 0 0 0 0 0 101 ++
4.66358e+009 68290.4 2 -342638 106072 0 0 0 0 0 346 ++
1.03819e+009 32221 2 -66363.9 0 1819.91 0 0 0 0 339 ++
3.82914e+008 19568.2 3 172451 -78717.6 2848.72 0 0 0 0 759 ++
1.33358e+008 11548.1 3 55453.3 0 -7333.26 1655.1 0 0 0 701 ++
5.28326e+007 7268.6 4 -98087.5 86118 -16553.2 3118.74 0 0 0 1433 --
4.13561e+007 6430.87 3 12040.5 0 -339.421 0 10.2825 0 0 765 --
3.24956e+007 5700.49 4 -9884.42 0 2860.12 -740.946 14.5592 0 0 1289 --
3.29629e+007 5741.33 5 -14954.2 4712.56 1847.9 -541.989 13.8457 0 0 1491 --
3.34079e+007 5779.96 4 2655.59 0 151.691 0 4.54349 0.0182192 0 1205 --
3.29498e+007 5740.19 5 -14892.2 9288.87 -365.918 0 7.94101 0.0101243 0 2272 --
3.35777e+007 5794.62 5 2065.29 0 411.113 -78.4505 5.87156 0.0155291 0 1543 --
3.37635e+007 5810.64 6 124.434 945.166 440.46 -103.375 6.63938 0.0138567 0 1488 --
3.31527e+007 5757.84 5 -360.323 0 405.187 0 -0.716752 0.056915 -9.24509e-005 1378 **
3.35542e+007 5792.6 6 -410.661 0 252.468 59.9499 -2.72468 0.0665135 -0.000110871 1429 **
3.38167e+007 5815.21 7 -213.25 -574.822 883.318 -151.728 3.14737 0.0396799 -6.02718e-005 2609 **
